"data" "abertura" "maxima" "minima" "fechamento" "volume"
"2022-01-03" 7.40999984741211 7.40999984741211 6.67000007629395 6.71999979019165 145442000
"2022-01-04" 6.78000020980835 6.94000005722046 6.44999980926514 6.6100001335144 94735500
"2022-01-05" 6.51999998092651 6.73000001907349 6.36999988555908 6.42000007629395 92667900
"2022-01-06" 6.46000003814697 6.53000020980835 6.13000011444092 6.25 96480700
"2022-01-07" 6.26999998092651 6.63000011444092 6.1100001335144 6.21999979019165 132688900
"2022-01-10" 6.1399998664856 6.15000009536743 5.73999977111816 5.73999977111816 114384500
"2022-01-11" 5.75 6.01000022888184 5.71999979019165 5.86999988555908 142963700
"2022-01-12" 5.90000009536743 6.36999988555908 5.78000020980835 6.30999994277954 127342800
"2022-01-13" 6.25 6.28000020980835 5.90000009536743 6.09000015258789 129178200
"2022-01-14" 6.1100001335144 6.42000007629395 6.07999992370605 6.32999992370605 104045500
"2022-01-17" 6.26999998092651 6.38000011444092 6.11999988555908 6.11999988555908 61801100
"2022-01-18" 6.07999992370605 6.23000001907349 5.8899998664856 5.8899998664856 117014400
"2022-01-19" 6.01000022888184 6.59999990463257 6.01000022888184 6.30999994277954 197823800
"2022-01-20" 6.3600001335144 6.80999994277954 6.34999990463257 6.65000009536743 140783000
"2022-01-21" 6.53999996185303 7.07999992370605 6.46000003814697 6.90000009536743 151141500
"2022-01-24" 6.8899998664856 7 6.3899998664856 6.3899998664856 133101300
"2022-01-25" 6.3600001335144 6.76000022888184 6.19999980926514 6.71999979019165 172082000
"2022-01-26" 6.94999980926514 7.07999992370605 6.59999990463257 6.75 135589900
"2022-01-27" 6.90999984741211 7.28000020980835 6.88000011444092 7.21999979019165 161788200
"2022-01-28" 7.21000003814697 7.23000001907349 6.61999988555908 6.71000003814697 185694500
"2022-01-31" 6.80000019073486 7.1100001335144 6.67000007629395 7 149358700
"2022-02-01" 7 7.32999992370605 6.88000011444092 7.01000022888184 154376100
"2022-02-02" 7.09000015258789 7.25 6.44000005722046 6.51000022888184 208153600
"2022-02-03" 6.59999990463257 6.84999990463257 6.34000015258789 6.53000020980835 165148300
"2022-02-04" 6.55000019073486 6.59999990463257 6.19999980926514 6.32999992370605 115693100
"2022-02-07" 6.32999992370605 6.59999990463257 6.23000001907349 6.30999994277954 106137300
"2022-02-08" 6.30999994277954 6.53999996185303 6.23999977111816 6.53999996185303 87217200
"2022-02-09" 6.59000015258789 6.84999990463257 6.38000011444092 6.59999990463257 108643400
"2022-02-10" 6.67000007629395 6.98000001907349 6.42999982833862 6.94000005722046 156928400
"2022-02-11" 6.98000001907349 7.01999998092651 6.30000019073486 6.34999990463257 194913400
"2022-02-14" 6.34999990463257 6.61999988555908 6.32000017166138 6.48000001907349 117301900
"2022-02-15" 6.6100001335144 6.84000015258789 6.6100001335144 6.84000015258789 94930300
"2022-02-16" 6.82999992370605 6.98000001907349 6.71999979019165 6.82000017166138 100338500
"2022-02-17" 6.80999994277954 6.92999982833862 6.59000015258789 6.63000011444092 97374700
"2022-02-18" 6.71999979019165 6.82000017166138 6.3600001335144 6.3600001335144 121026600
"2022-02-21" 6.42000007629395 6.44999980926514 6.01999998092651 6.01999998092651 86564900
"2022-02-22" 6.17000007629395 6.30999994277954 6.01000022888184 6.07000017166138 130958600
"2022-02-23" 6.1399998664856 6.48999977111816 5.90999984741211 5.90999984741211 147448300
"2022-02-24" 5.55000019073486 6.15999984741211 5.32999992370605 6.11999988555908 165699000
"2022-02-25" 6.19000005722046 6.26999998092651 5.8600001335144 6.01000022888184 133697800
"2022-03-02" 5.94999980926514 6.34000015258789 5.94000005722046 6.30999994277954 101490000
"2022-03-03" 6.32999992370605 6.48000001907349 6.15000009536743 6.30999994277954 102314000
"2022-03-04" 6.28999996185303 6.40999984741211 6.1100001335144 6.28999996185303 87715200
"2022-03-07" 6.21999979019165 6.34000015258789 5.80000019073486 5.84999990463257 87037200
"2022-03-08" 6.05000019073486 6.25 5.75 6.05000019073486 147315700
"2022-03-09" 6.23000001907349 6.51999998092651 6.17000007629395 6.23000001907349 138833100
"2022-03-10" 6.15000009536743 6.15999984741211 5.82000017166138 5.96000003814697 141801900
"2022-03-11" 6.03000020980835 6.30000019073486 5.69000005722046 5.69000005722046 163946800
"2022-03-14" 5.8600001335144 5.8899998664856 5.30000019073486 5.32999992370605 131881600
"2022-03-15" 4.80000019073486 5.01999998092651 4.65000009536743 4.86999988555908 251964700
"2022-03-16" 5.05000019073486 5.19999980926514 4.90999984741211 5.13000011444092 163041600
"2022-03-17" 5.13000011444092 5.55000019073486 5.01000022888184 5.53999996185303 158527400
"2022-03-18" 5.42000007629395 5.86999988555908 5.38000011444092 5.82000017166138 131606300
"2022-03-21" 5.84000015258789 5.96000003814697 5.65000009536743 5.71999979019165 124773100
"2022-03-22" 5.80000019073486 5.98000001907349 5.71000003814697 5.80999994277954 120710900
"2022-03-23" 5.78999996185303 6.03999996185303 5.69000005722046 6 165782700
"2022-03-24" 6.05000019073486 6.67000007629395 5.96999979019165 6.59999990463257 185541800
"2022-03-25" 6.63000011444092 6.80000019073486 6.34000015258789 6.53999996185303 139970100
"2022-03-28" 6.55000019073486 6.67000007629395 6.3899998664856 6.46999979019165 81990200
"2022-03-29" 6.67999982833862 7.11999988555908 6.67999982833862 7 167686200
"2022-03-30" 7.01000022888184 7.13000011444092 6.73000001907349 6.86999988555908 118907800
"2022-03-31" 6.92999982833862 6.98999977111816 6.76000022888184 6.82000017166138 100197800
"2022-04-01" 6.92000007629395 7.38000011444092 6.88000011444092 7.34999990463257 141943100
"2022-04-04" 7.34999990463257 7.3600001335144 7.03000020980835 7.19000005722046 99313700
"2022-04-05" 7.17000007629395 7.38000011444092 6.8600001335144 6.90999984741211 109998700
"2022-04-06" 6.80999994277954 6.82999992370605 6.44999980926514 6.61999988555908 119018900
"2022-04-07" 6.59000015258789 6.84000015258789 6.46999979019165 6.55999994277954 129379100
"2022-04-08" 6.34999990463257 6.3600001335144 6.07999992370605 6.13000011444092 143068000
"2022-04-11" 5.94999980926514 6.19999980926514 5.84000015258789 6.07999992370605 100404000
"2022-04-12" 6.32000017166138 6.40000009536743 5.96000003814697 5.96999979019165 115503700
"2022-04-13" 6.07999992370605 6.17000007629395 5.92999982833862 6.03000020980835 101627200
"2022-04-14" 6 6.07000017166138 5.92000007629395 6.01000022888184 87405000
"2022-04-18" 5.98999977111816 6.03999996185303 5.80999994277954 5.8899998664856 86491400
"2022-04-19" 5.84999990463257 6.01999998092651 5.76000022888184 5.94000005722046 85633600
"2022-04-20" 5.94000005722046 6.03999996185303 5.57999992370605 5.6100001335144 114800300
"2022-04-22" 5.48000001907349 5.59000015258789 5.42000007629395 5.55000019073486 81060300
"2022-04-25" 5.44000005722046 5.57000017166138 5.36999988555908 5.44000005722046 111425500
"2022-04-26" 5.40000009536743 5.46999979019165 5.17999982833862 5.17999982833862 84647000
"2022-04-27" 5.3600001335144 5.46000003814697 5.07999992370605 5.09999990463257 112070100
"2022-04-28" 5.15000009536743 5.28000020980835 4.98000001907349 5.17999982833862 101316700
"2022-04-29" 5.26000022888184 5.30000019073486 4.88000011444092 4.88000011444092 113447900
"2022-05-02" 4.90999984741211 4.96999979019165 4.73999977111816 4.80000019073486 81889600
"2022-05-03" 4.80999994277954 4.82000017166138 4.57000017166138 4.59999990463257 96255500
"2022-05-04" 4.51999998092651 4.96999979019165 4.36999988555908 4.94999980926514 141540000
"2022-05-05" 4.71000003814697 4.76000022888184 4.38000011444092 4.42000007629395 160852000
"2022-05-06" 4.40999984741211 4.46999979019165 4.25 4.30000019073486 145607600
"2022-05-09" 4.17000007629395 4.23999977111816 3.91000008583069 3.91000008583069 152400400
"2022-05-10" 4.05000019073486 4.1100001335144 3.79999995231628 3.95000004768372 158816700
"2022-05-11" 3.88000011444092 4.09000015258789 3.86999988555908 3.9300000667572 140586300
"2022-05-12" 3.82999992370605 4.21000003814697 3.74000000953674 4.17999982833862 193108900
"2022-05-13" 4.23000001907349 4.48000001907349 4.21999979019165 4.38000011444092 140177600
"2022-05-16" 4.38000011444092 4.38000011444092 4.38000011444092 4.38000011444092 0
"2022-05-17" 4.17999982833862 4.19000005722046 3.9300000667572 3.94000005722046 269641700
"2022-05-18" 3.96000003814697 4.03000020980835 3.70000004768372 3.72000002861023 167167500
"2022-05-19" 3.72000002861023 3.84999990463257 3.67000007629395 3.73000001907349 154499400
"2022-05-20" 3.77999997138977 3.80999994277954 3.5699999332428 3.67000007629395 131917100
"2022-05-23" 3.71000003814697 3.77999997138977 3.60999989509583 3.70000004768372 107412500
"2022-05-24" 3.60999989509583 3.71000003814697 3.57999992370605 3.71000003814697 72604800
"2022-05-25" 3.70000004768372 3.79999995231628 3.64000010490417 3.71000003814697 131838700
"2022-05-26" 3.72000002861023 4.11999988555908 3.72000002861023 4.07000017166138 165741100
"2022-05-27" 4.07999992370605 4.1399998664856 3.92000007629395 4 77138600
"2022-05-30" 4.03000020980835 4.1100001335144 3.77999997138977 3.83999991416931 68432000
"2022-05-31" 3.88000011444092 3.88000011444092 3.70000004768372 3.72000002861023 101983700
"2022-06-01" 3.73000001907349 3.79999995231628 3.61999988555908 3.71000003814697 97098800
"2022-06-02" 3.74000000953674 3.99000000953674 3.73000001907349 3.79999995231628 146913700
"2022-06-03" 3.75999999046326 3.78999996185303 3.57999992370605 3.58999991416931 140038500
"2022-06-06" 3.63000011444092 3.65000009536743 3.38000011444092 3.40000009536743 142570700
"2022-06-07" 3.35999989509583 3.38000011444092 3.25999999046326 3.28999996185303 156194200
"2022-06-08" 3.25 3.33999991416931 3.20000004768372 3.22000002861023 152815600
"2022-06-09" 3.22000002861023 3.22000002861023 3.00999999046326 3.00999999046326 216291000
"2022-06-10" 2.98000001907349 3.05999994277954 2.88000011444092 2.90000009536743 166004400
"2022-06-13" 2.77999997138977 2.77999997138977 2.66000008583069 2.67000007629395 171739600
"2022-06-14" 2.69000005722046 2.73000001907349 2.52999997138977 2.53999996185303 164568300
"2022-06-15" 2.59999990463257 2.67000007629395 2.47000002861023 2.54999995231628 232832800
"2022-06-17" 2.46000003814697 2.46000003814697 2.35999989509583 2.38000011444092 169697700
"2022-06-20" 2.40000009536743 2.63000011444092 2.3199999332428 2.57999992370605 199075800
"2022-06-21" 2.60999989509583 2.63000011444092 2.47000002861023 2.50999999046326 134776000
"2022-06-22" 2.44000005722046 2.55999994277954 2.35999989509583 2.44000005722046 134029200
"2022-06-23" 2.45000004768372 2.69000005722046 2.44000005722046 2.54999995231628 204690200
"2022-06-24" 2.63000011444092 2.65000009536743 2.44000005722046 2.47000002861023 141491300
"2022-06-27" 2.48000001907349 2.54999995231628 2.40000009536743 2.4300000667572 105534800
"2022-06-28" 2.46000003814697 2.48000001907349 2.33999991416931 2.38000011444092 130244600
"2022-06-29" 2.40000009536743 2.49000000953674 2.36999988555908 2.41000008583069 113299200
"2022-06-30" 2.38000011444092 2.42000007629395 2.30999994277954 2.33999991416931 231980300
"2022-07-01" 2.33999991416931 2.33999991416931 2.20000004768372 2.20000004768372 114418200
"2022-07-04" 2.1800000667572 2.22000002861023 2.10999989509583 2.13000011444092 103383200
"2022-07-05" 2.09999990463257 2.42000007629395 2.02999997138977 2.38000011444092 271736400
"2022-07-06" 2.38000011444092 2.60999989509583 2.38000011444092 2.5 263127600
"2022-07-07" 2.55999994277954 2.65000009536743 2.4300000667572 2.55999994277954 196227300
"2022-07-08" 2.52999997138977 2.65000009536743 2.46000003814697 2.61999988555908 152161400
"2022-07-11" 2.54999995231628 2.69000005722046 2.50999999046326 2.63000011444092 156371900
"2022-07-12" 2.65000009536743 3.02999997138977 2.61999988555908 2.9300000667572 328802300
"2022-07-13" 2.86999988555908 2.98000001907349 2.80999994277954 2.82999992370605 287592000
"2022-07-14" 2.74000000953674 3.07999992370605 2.72000002861023 2.91000008583069 188592000
"2022-07-15" 2.97000002861023 2.99000000953674 2.75 2.77999997138977 154730100
"2022-07-18" 2.83999991416931 3.0699999332428 2.74000000953674 2.76999998092651 196656300
"2022-07-19" 2.80999994277954 2.88000011444092 2.64000010490417 2.78999996185303 186397200
"2022-07-20" 2.78999996185303 3.0699999332428 2.77999997138977 3.0699999332428 224980300
"2022-07-21" 3.0699999332428 3.13000011444092 2.95000004768372 3.00999999046326 165905300
"2022-07-22" 3.04999995231628 3.08999991416931 2.8199999332428 2.85999989509583 161429800
"2022-07-25" 2.89000010490417 2.97000002861023 2.77999997138977 2.78999996185303 129819500
"2022-07-26" 2.79999995231628 2.79999995231628 2.57999992370605 2.60999989509583 139841400
"2022-07-27" 2.63000011444092 2.78999996185303 2.60999989509583 2.70000004768372 175821500
"2022-07-28" 2.72000002861023 2.76999998092651 2.57999992370605 2.72000002861023 207985100
"2022-07-29" 2.74000000953674 2.76999998092651 2.5699999332428 2.57999992370605 167546200
"2022-08-01" 2.57999992370605 2.78999996185303 2.54999995231628 2.72000002861023 232592500
"2022-08-02" 2.69000005722046 2.76999998092651 2.64000010490417 2.71000003814697 132842700
"2022-08-03" 2.72000002861023 2.95000004768372 2.71000003814697 2.9300000667572 190866600
"2022-08-04" 3.04999995231628 3.38000011444092 3.04999995231628 3.33999991416931 242398400
"2022-08-05" 3.27999997138977 3.38000011444092 3.07999992370605 3.16000008583069 243712000
"2022-08-08" 3.23000001907349 3.48000001907349 3.21000003814697 3.26999998092651 193037500
"2022-08-09" 3.33999991416931 3.39000010490417 3.02999997138977 3.07999992370605 162252900
"2022-08-10" 3.22000002861023 3.32999992370605 3.15000009536743 3.28999996185303 177874100
"2022-08-11" 3.32999992370605 3.34999990463257 3.01999998092651 3.03999996185303 175718000
"2022-08-12" 3.00999999046326 3.61999988555908 2.95000004768372 3.57999992370605 351712300
"2022-08-15" 3.52999997138977 4.05000019073486 3.51999998092651 4.03999996185303 283656900
"2022-08-16" 4.09000015258789 4.28999996185303 3.94000005722046 4.15000009536743 224968800
"2022-08-17" 4.03000020980835 4.28999996185303 3.99000000953674 4.01999998092651 237516800
"2022-08-18" 4.07999992370605 4.07999992370605 3.8199999332428 4.03000020980835 144720000
"2022-08-19" 3.92000007629395 3.99000000953674 3.71000003814697 3.77999997138977 152089100
"2022-08-22" 3.6800000667572 3.89000010490417 3.60999989509583 3.8199999332428 161519000
"2022-08-23" 3.86999988555908 4.19000005722046 3.85999989509583 4.15000009536743 186720100
"2022-08-24" 4.1399998664856 4.65999984741211 4.1399998664856 4.5 281619400
"2022-08-25" 4.65999984741211 4.78999996185303 4.57999992370605 4.67999982833862 192328700
"2022-08-26" 4.73000001907349 4.76000022888184 4.44999980926514 4.57999992370605 152412400
"2022-08-29" 4.51000022888184 4.69000005722046 4.5 4.51999998092651 140458000
"2022-08-30" 4.6399998664856 4.73000001907349 4.34000015258789 4.51000022888184 175781100
"2022-08-31" 4.57000017166138 4.61999988555908 4.26000022888184 4.26999998092651 182011400
"2022-09-01" 4.30000019073486 4.42000007629395 4.1100001335144 4.36999988555908 171014100
"2022-09-02" 4.51000022888184 4.53000020980835 4.19999980926514 4.26000022888184 154005700
"2022-09-05" 4.30999994277954 4.3899998664856 4.26000022888184 4.32000017166138 69933300
"2022-09-06" 4.26000022888184 4.26000022888184 3.88000011444092 4 184640100
"2022-09-08" 4.05999994277954 4.3600001335144 4.03999996185303 4.28999996185303 179911400
"2022-09-09" 4.42000007629395 4.42999982833862 4.30000019073486 4.38000011444092 134934100
"2022-09-12" 4.44000005722046 4.82000017166138 4.42999982833862 4.78999996185303 202900500
"2022-09-13" 4.59000015258789 4.73999977111816 4.40999984741211 4.69999980926514 183348600
"2022-09-14" 4.67000007629395 4.71999979019165 4.42000007629395 4.46999979019165 203910700
"2022-09-15" 4.51000022888184 4.59000015258789 4.26999998092651 4.34000015258789 164224000
"2022-09-16" 4.25 4.53999996185303 4.15000009536743 4.46000003814697 178337000
"2022-09-19" 4.34999990463257 4.65000009536743 4.34000015258789 4.55999994277954 155328700
"2022-09-20" 4.53000020980835 4.65000009536743 4.40999984741211 4.46000003814697 136876400
"2022-09-21" 4.46999979019165 4.90999984741211 4.40000009536743 4.75 252131400
"2022-09-22" 4.8600001335144 4.96999979019165 4.53999996185303 4.59999990463257 242964000
"2022-09-23" 4.5 4.71000003814697 4.48999977111816 4.63000011444092 152298500
"2022-09-26" 4.57999992370605 4.73999977111816 4.44000005722046 4.48000001907349 106262800
"2022-09-27" 4.19000005722046 4.26999998092651 4.15999984741211 4.17999982833862 248604900
"2022-09-28" 4.19999980926514 4.3899998664856 4.09999990463257 4.32999992370605 164525400
"2022-09-29" 4.23999977111816 4.28999996185303 4.01999998092651 4.05000019073486 158175900
"2022-09-30" 4.09000015258789 4.55000019073486 3.98000001907349 4.48000001907349 247963200
"2022-10-03" 4.75 4.96999979019165 4.6100001335144 4.90999984741211 226468600
"2022-10-04" 5.09000015258789 5.23000001907349 4.96000003814697 5.09000015258789 184420400
"2022-10-05" 5.1100001335144 5.26999998092651 4.98999977111816 5.11999988555908 164826200
"2022-10-06" 5.17999982833862 5.40000009536743 5.09999990463257 5.36999988555908 175361700
"2022-10-07" 5.34000015258789 5.40999984741211 5.23000001907349 5.30999994277954 152240200
"2022-10-10" 5.34000015258789 5.46000003814697 5.19000005722046 5.32000017166138 133736800
"2022-10-11" 5.32000017166138 5.44000005722046 5.11999988555908 5.17000007629395 156212100
"2022-10-13" 5.17000007629395 5.17999982833862 4.80999994277954 4.92000007629395 180292000
"2022-10-14" 4.96000003814697 4.98999977111816 4.32999992370605 4.36999988555908 256264000
"2022-10-17" 4.46999979019165 4.67999982833862 4.34999990463257 4.36999988555908 182160100
"2022-10-18" 4.48999977111816 4.53000020980835 4.21000003814697 4.32000017166138 185606300
"2022-10-19" 4.30999994277954 4.30999994277954 4.07000017166138 4.19000005722046 179107600
"2022-10-20" 4.21999979019165 4.21999979019165 3.90000009536743 4.09000015258789 213851700
"2022-10-21" 4.01999998092651 4.21000003814697 3.92000007629395 4.15000009536743 206786000
"2022-10-24" 4.05999994277954 4.13000011444092 3.95000004768372 4.07999992370605 125022400
"2022-10-25" 4.07000017166138 4.46999979019165 4.03999996185303 4.28999996185303 215019000
"2022-10-26" 4.19999980926514 4.23000001907349 3.88000011444092 3.91000008583069 187240100
"2022-10-27" 3.94000005722046 4.32000017166138 3.92000007629395 4.21999979019165 219975200
"2022-10-28" 4.17000007629395 4.44000005722046 4.09999990463257 4.38000011444092 200353500
"2022-10-31" 4.38000011444092 4.65999984741211 4.26000022888184 4.46999979019165 263678600
"2022-11-01" 4.53000020980835 4.67000007629395 4.32999992370605 4.55999994277954 203364300
"2022-11-03" 4.46000003814697 4.94999980926514 4.40000009536743 4.86999988555908 242822900
"2022-11-04" 5 5.01000022888184 4.76000022888184 4.82999992370605 159879200
"2022-11-07" 4.80000019073486 4.94000005722046 4.5 4.53999996185303 171034400
"2022-11-08" 4.51000022888184 4.76999998092651 4.5 4.63000011444092 167245000
"2022-11-09" 4.63000011444092 4.67000007629395 4.40000009536743 4.46999979019165 121050900
"2022-11-10" 4.21999979019165 4.34999990463257 3.89000010490417 3.98000001907349 226321300
"2022-11-11" 4.1100001335144 4.15000009536743 3.38000011444092 3.46000003814697 389272300
"2022-11-14" 3.54999995231628 3.71000003814697 3.45000004768372 3.61999988555908 215541900
"2022-11-16" 3.61999988555908 3.64000010490417 3.30999994277954 3.32999992370605 224138000
"2022-11-17" 3.22000002861023 3.46000003814697 3.02999997138977 3.39000010490417 241026800
"2022-11-18" 3.5 3.57999992370605 3.08999991416931 3.15000009536743 269326000
"2022-11-21" 3.24000000953674 3.48000001907349 3.20000004768372 3.38000011444092 251248400
"2022-11-22" 3.39000010490417 3.45000004768372 3.20000004768372 3.33999991416931 204502900
"2022-11-23" 3.28999996185303 3.38000011444092 3.20000004768372 3.38000011444092 167070600
"2022-11-24" 3.4300000667572 3.66000008583069 3.4300000667572 3.59999990463257 164391300
"2022-11-25" 3.59999990463257 3.61999988555908 3.3199999332428 3.42000007629395 210074500
"2022-11-28" 3.25 3.45000004768372 3.23000001907349 3.3199999332428 151668900
"2022-11-29" 3.35999989509583 3.47000002861023 3.17000007629395 3.35999989509583 195372300
"2022-11-30" 3.36999988555908 3.47000002861023 3.25999999046326 3.41000008583069 208756700
"2022-12-01" 3.38000011444092 3.39000010490417 3.09999990463257 3.09999990463257 203784900
"2022-12-02" 3.11999988555908 3.38000011444092 3.04999995231628 3.24000000953674 257430900
"2022-12-05" 3.21000003814697 3.25 3.02999997138977 3.07999992370605 132806700
"2022-12-06" 3.11999988555908 3.20000004768372 3.04999995231628 3.11999988555908 133899800
"2022-12-07" 3.09999990463257 3.17000007629395 2.92000007629395 2.94000005722046 258328900
"2022-12-08" 2.96000003814697 3.03999996185303 2.78999996185303 2.83999991416931 152151100
"2022-12-09" 2.94000005722046 2.94000005722046 2.78999996185303 2.79999995231628 102725300
"2022-12-12" 2.78999996185303 2.90000009536743 2.71000003814697 2.79999995231628 129832100
"2022-12-13" 2.82999992370605 2.92000007629395 2.75999999046326 2.79999995231628 215615400
"2022-12-14" 2.76999998092651 2.76999998092651 2.5699999332428 2.63000011444092 295146900
"2022-12-15" 2.60999989509583 2.74000000953674 2.54999995231628 2.59999990463257 182381200
"2022-12-16" 2.57999992370605 2.63000011444092 2.34999990463257 2.36999988555908 214952500
"2022-12-19" 2.39000010490417 2.70000004768372 2.35999989509583 2.60999989509583 299528100
"2022-12-20" 2.55999994277954 3.02999997138977 2.53999996185303 2.8199999332428 356523400
"2022-12-21" 2.84999990463257 2.89000010490417 2.58999991416931 2.60999989509583 296265100
"2022-12-22" 2.64000010490417 2.66000008583069 2.50999999046326 2.59999990463257 184677300
"2022-12-23" 2.61999988555908 2.82999992370605 2.61999988555908 2.6800000667572 195172100
"2022-12-26" 2.71000003814697 2.73000001907349 2.55999994277954 2.66000008583069 73999000
"2022-12-27" 2.67000007629395 2.71000003814697 2.5 2.51999998092651 147780600
"2022-12-28" 2.53999996185303 2.74000000953674 2.50999999046326 2.69000005722046 195250600
"2022-12-29" 2.71000003814697 2.79999995231628 2.66000008583069 2.74000000953674 130046200
"2023-01-02" 2.65000009536743 2.66000008583069 2.54999995231628 2.58999991416931 70129500
"2023-01-03" 2.59999990463257 2.75999999046326 2.5 2.53999996185303 164163800
"2023-01-04" 2.58999991416931 2.60999989509583 2.5 2.54999995231628 148041300
"2023-01-05" 2.57999992370605 2.71000003814697 2.50999999046326 2.66000008583069 174089300
"2023-01-06" 2.67000007629395 2.76999998092651 2.59999990463257 2.75999999046326 143904100
"2023-01-09" 2.6800000667572 2.90000009536743 2.66000008583069 2.82999992370605 141723200
"2023-01-10" 2.78999996185303 3.08999991416931 2.75999999046326 3.04999995231628 192054800
"2023-01-11" 3.0699999332428 3.10999989509583 2.90000009536743 3.02999997138977 170364500
"2023-01-12" 2.70000004768372 3.27999997138977 2.69000005722046 3.19000005722046 383841100
"2023-01-13" 3.16000008583069 3.61999988555908 3.08999991416931 3.4300000667572 315639000
"2023-01-16" 3.38000011444092 3.96000003814697 3.36999988555908 3.84999990463257 223987500
"2023-01-17" 3.90000009536743 4.01999998092651 3.66000008583069 3.78999996185303 253024500
"2023-01-18" 3.83999991416931 3.88000011444092 3.51999998092651 3.55999994277954 227221500
"2023-01-19" 3.47000002861023 3.92000007629395 3.46000003814697 3.80999994277954 268759600
"2023-01-20" 3.84999990463257 3.88000011444092 3.73000001907349 3.8199999332428 158285100
"2023-01-23" 3.85999989509583 4.09000015258789 3.83999991416931 4.03999996185303 180447500
"2023-01-24" 4.07999992370605 4.44999980926514 4.05000019073486 4.3899998664856 228809000
"2023-01-25" 4.3899998664856 4.67000007629395 4.28999996185303 4.34999990463257 233689700
"2023-01-26" 4.38000011444092 4.46000003814697 4.19999980926514 4.28000020980835 183211400
"2023-01-27" 4.30999994277954 4.57999992370605 4.28999996185303 4.53000020980835 147788900
"2023-01-30" 4.59000015258789 4.65000009536743 4.28000020980835 4.3600001335144 154878400
"2023-01-31" 4.3899998664856 4.48999977111816 4.30999994277954 4.42999982833862 111160000
"2023-02-01" 4.40000009536743 4.42000007629395 4.15999984741211 4.28999996185303 143788400
"2023-02-02" 4.26999998092651 4.53999996185303 4.23000001907349 4.34000015258789 147482500
"2023-02-03" 4.36999988555908 4.38000011444092 4.19000005722046 4.26999998092651 113736800
"2023-02-06" 4.26999998092651 4.36999988555908 4.09000015258789 4.13000011444092 104867600
"2023-02-07" 4.17000007629395 4.23000001907349 3.88000011444092 4.05000019073486 167794700
"2023-02-08" 4.1100001335144 4.23000001907349 4.01000022888184 4.21999979019165 144116800
"2023-02-09" 4.21999979019165 4.34000015258789 4.05000019073486 4.1100001335144 127978300
"2023-02-10" 4.05999994277954 4.1399998664856 3.96000003814697 3.99000000953674 118030000
"2023-02-13" 3.99000000953674 4.19999980926514 3.91000008583069 4.13000011444092 118107700
"2023-02-14" 4.15000009536743 4.21999979019165 4.01000022888184 4.05999994277954 115253900
"2023-02-15" 4.03999996185303 4.07999992370605 3.82999992370605 3.89000010490417 201460500
"2023-02-16" 3.89000010490417 3.94000005722046 3.71000003814697 3.80999994277954 151942100
"2023-02-17" 3.75 3.79999995231628 3.64000010490417 3.66000008583069 93416200
"2023-02-22" 3.59999990463257 3.59999990463257 3.45000004768372 3.51999998092651 72979400
"2023-02-23" 3.52999997138977 3.67000007629395 3.49000000953674 3.55999994277954 83697000
"2023-02-24" 3.66000008583069 3.86999988555908 3.5699999332428 3.60999989509583 127658800
"2023-02-27" 3.69000005722046 3.76999998092651 3.58999991416931 3.65000009536743 102066100
"2023-02-28" 3.66000008583069 3.74000000953674 3.58999991416931 3.58999991416931 71491900
"2023-03-01" 3.64000010490417 3.65000009536743 3.22000002861023 3.23000001907349 139734500
"2023-03-02" 3.24000000953674 3.28999996185303 3.10999989509583 3.15000009536743 94544200
"2023-03-03" 3.16000008583069 3.1800000667572 3 3.01999998092651 118111800
"2023-03-06" 3.03999996185303 3.25 2.94000005722046 3.19000005722046 140828400
"2023-03-07" 3.19000005722046 3.25999999046326 3.13000011444092 3.22000002861023 86132300
"2023-03-08" 3.21000003814697 3.53999996185303 3.19000005722046 3.4300000667572 154796900
"2023-03-09" 3.40000009536743 3.5699999332428 3.35999989509583 3.39000010490417 105372200
"2023-03-10" 3.17000007629395 3.42000007629395 3 3.40000009536743 241854000
"2023-03-13" 3.35999989509583 3.83999991416931 3.32999992370605 3.72000002861023 189746500
"2023-03-14" 3.72000002861023 3.88000011444092 3.67000007629395 3.73000001907349 128858200
"2023-03-15" 3.65000009536743 3.88000011444092 3.5699999332428 3.80999994277954 134376300
"2023-03-16" 3.84999990463257 3.99000000953674 3.83999991416931 3.89000010490417 99487300
"2023-03-17" 3.88000011444092 3.92000007629395 3.75999999046326 3.77999997138977 80268000
"2023-03-20" 3.84999990463257 3.88000011444092 3.64000010490417 3.71000003814697 83912100
"2023-03-21" 3.73000001907349 3.77999997138977 3.67000007629395 3.70000004768372 61171000
"2023-03-22" 3.69000005722046 3.75 3.55999994277954 3.58999991416931 119055600
"2023-03-23" 3.59999990463257 3.59999990463257 3.03999996185303 3.10999989509583 250190300
"2023-03-24" 3.22000002861023 3.29999995231628 3.09999990463257 3.23000001907349 118058300
"2023-03-27" 3.28999996185303 3.40000009536743 3.25999999046326 3.33999991416931 75519600
"2023-03-28" 3.32999992370605 3.42000007629395 3.24000000953674 3.38000011444092 81280700
"2023-03-29" 3.42000007629395 3.46000003814697 3.21000003814697 3.34999990463257 102855100
"2023-03-30" 3.4300000667572 3.57999992370605 3.42000007629395 3.44000005722046 99832400
"2023-03-31" 3.44000005722046 3.47000002861023 3.23000001907349 3.30999994277954 83482700
"2023-04-03" 3.32999992370605 3.35999989509583 3.19000005722046 3.30999994277954 64968800
"2023-04-04" 3.32999992370605 3.46000003814697 3.21000003814697 3.22000002861023 99983500
"2023-04-05" 3.24000000953674 3.3199999332428 3.14000010490417 3.27999997138977 111071700
"2023-04-06" 3.25999999046326 3.41000008583069 3.25 3.36999988555908 71421700
"2023-04-10" 3.39000010490417 3.45000004768372 3.34999990463257 3.34999990463257 56053800
"2023-04-11" 3.46000003814697 3.86999988555908 3.45000004768372 3.77999997138977 244432900
"2023-04-12" 3.88000011444092 3.9300000667572 3.76999998092651 3.88000011444092 152501900
"2023-04-13" 3.89000010490417 3.97000002861023 3.77999997138977 3.85999989509583 97397100
"2023-04-14" 3.80999994277954 3.84999990463257 3.72000002861023 3.74000000953674 89414800
"2023-04-17" 3.76999998092651 3.76999998092651 3.64000010490417 3.66000008583069 89761000
"2023-04-18" 3.70000004768372 3.73000001907349 3.52999997138977 3.53999996185303 108901600
"2023-04-19" 3.5 3.50999999046326 3.23000001907349 3.25 151845400
"2023-04-20" 3.29999995231628 3.34999990463257 3.23000001907349 3.29999995231628 112006200
"2023-04-24" 3.29999995231628 3.4300000667572 3.28999996185303 3.39000010490417 91382200
"2023-04-25" 3.36999988555908 3.39000010490417 3.23000001907349 3.27999997138977 82634400
"2023-04-26" 3.30999994277954 3.3199999332428 3.08999991416931 3.10999989509583 117422100
"2023-04-27" 3.13000011444092 3.20000004768372 3.03999996185303 3.20000004768372 93945400
"2023-04-28" 3.22000002861023 3.33999991416931 3.14000010490417 3.33999991416931 81255600
"2023-05-02" 3.34999990463257 3.34999990463257 3.23000001907349 3.24000000953674 64134100
"2023-05-03" 3.26999998092651 3.36999988555908 3.23000001907349 3.33999991416931 88790500
"2023-05-04" 3.35999989509583 3.64000010490417 3.35999989509583 3.5699999332428 151042400
"2023-05-05" 3.5699999332428 3.83999991416931 3.52999997138977 3.80999994277954 146519800
"2023-05-08" 3.8199999332428 4 3.8199999332428 3.86999988555908 109954800
"2023-05-09" 3.83999991416931 4.26999998092651 3.8199999332428 4.1399998664856 160941400
"2023-05-10" 4.17000007629395 4.3600001335144 4.15999984741211 4.28999996185303 112188500
"2023-05-11" 4.34000015258789 4.42999982833862 4.19999980926514 4.34999990463257 103165200
"2023-05-12" 4.30000019073486 4.3600001335144 4.21000003814697 4.30999994277954 69964900
"2023-05-15" 4.34999990463257 4.46000003814697 4.26999998092651 4.38000011444092 88835600
"2023-05-16" 4.01000022888184 4.09999990463257 3.34999990463257 3.38000011444092 347752900
"2023-05-17" 3.5 3.52999997138977 3.26999998092651 3.35999989509583 184213700
"2023-05-18" 3.36999988555908 3.58999991416931 3.32999992370605 3.53999996185303 178294200
"2023-05-19" 3.57999992370605 3.73000001907349 3.52999997138977 3.64000010490417 146332000
"2023-05-22" 3.67000007629395 3.86999988555908 3.66000008583069 3.79999995231628 126815600
"2023-05-23" 3.82999992370605 3.83999991416931 3.64000010490417 3.66000008583069 114830900
"2023-05-24" 3.50999999046326 3.72000002861023 3.48000001907349 3.63000011444092 105054300
"2023-05-25" 3.74000000953674 3.8199999332428 3.72000002861023 3.75999999046326 119519600
"2023-05-26" 3.83999991416931 3.86999988555908 3.75999999046326 3.8199999332428 76264400
"2023-05-29" 3.83999991416931 3.85999989509583 3.74000000953674 3.78999996185303 44990800
"2023-05-30" 3.83999991416931 3.90000009536743 3.70000004768372 3.73000001907349 77572200
"2023-05-31" 3.71000003814697 3.80999994277954 3.66000008583069 3.79999995231628 76635200
"2023-06-01" 3.83999991416931 4.05999994277954 3.78999996185303 4.05999994277954 106315800
"2023-06-02" 4.05999994277954 4.05999994277954 4.05999994277954 4.05999994277954 0
"2023-06-05" 3.90000009536743 3.97000002861023 3.83999991416931 3.89000010490417 60050600
"2023-06-06" 3.9300000667572 4.05000019073486 3.86999988555908 3.99000000953674 99511200
"2023-06-07" 4.05000019073486 4.17999982833862 3.85999989509583 3.88000011444092 123492800
"2023-06-09" 3.96000003814697 4.07000017166138 3.9300000667572 3.97000002861023 119882600
"2023-06-12" 4.01000022888184 4.07000017166138 3.90000009536743 3.96000003814697 118300100
"2023-06-13" 4.01000022888184 4.01999998092651 3.75 3.75999999046326 137552200
"2023-06-14" 3.80999994277954 3.83999991416931 3.69000005722046 3.80999994277954 135391300
"2023-06-15" 3.78999996185303 3.8199999332428 3.73000001907349 3.75 115498600
"2023-06-16" 3.74000000953674 3.78999996185303 3.70000004768372 3.71000003814697 87510800
"2023-06-19" 3.72000002861023 3.75 3.64000010490417 3.73000001907349 58605400
"2023-06-20" 3.72000002861023 3.73000001907349 3.65000009536743 3.6800000667572 82967600
"2023-06-21" 3.6800000667572 3.78999996185303 3.65000009536743 3.75999999046326 90224800
"2023-06-22" 3.66000008583069 3.6800000667572 3.45000004768372 3.5699999332428 184491500
"2023-06-23" 3.57999992370605 3.63000011444092 3.47000002861023 3.57999992370605 81396800
"2023-06-26" 3.57999992370605 3.59999990463257 3.35999989509583 3.40000009536743 95863300
"2023-06-27" 3.5 3.52999997138977 3.30999994277954 3.38000011444092 131568800
"2023-06-28" 3.39000010490417 3.46000003814697 3.30999994277954 3.34999990463257 88221600
"2023-06-29" 3.35999989509583 3.5 3.34999990463257 3.45000004768372 79151300
"2023-06-30" 3.51999998092651 3.53999996185303 3.35999989509583 3.36999988555908 83042200
"2023-07-03" 3.41000008583069 3.48000001907349 3.35999989509583 3.44000005722046 72731600
"2023-07-04" 3.4300000667572 3.4300000667572 3.34999990463257 3.36999988555908 65786100
"2023-07-05" 3.34999990463257 3.50999999046326 3.33999991416931 3.41000008583069 165756300
"2023-07-06" 3.36999988555908 3.38000011444092 3.14000010490417 3.15000009536743 172264200
"2023-07-07" 3.21000003814697 3.29999995231628 3.15000009536743 3.1800000667572 111456800
"2023-07-10" 3.15000009536743 3.16000008583069 3.02999997138977 3.04999995231628 94046200
"2023-07-11" 3.03999996185303 3.08999991416931 2.91000008583069 3.05999994277954 111418000
"2023-07-12" 3.11999988555908 3.15000009536743 2.98000001907349 2.98000001907349 90655800
"2023-07-13" 3.02999997138977 3.10999989509583 3.00999999046326 3.01999998092651 88171300
"2023-07-14" 3.02999997138977 3.04999995231628 2.9300000667572 2.95000004768372 69328500
"2023-07-17" 2.96000003814697 3 2.90000009536743 2.96000003814697 61653400
"2023-07-18" 2.96000003814697 3 2.92000007629395 2.96000003814697 61866800
"2023-07-19" 2.96000003814697 3.00999999046326 2.91000008583069 2.94000005722046 77842000
"2023-07-20" 2.96000003814697 2.98000001907349 2.90000009536743 2.90000009536743 71024000
"2023-07-21" 2.89000010490417 3.05999994277954 2.89000010490417 3.01999998092651 91869700
"2023-07-24" 3.02999997138977 3.04999995231628 2.96000003814697 3.00999999046326 78400000
"2023-07-25" 3.11999988555908 3.22000002861023 3.05999994277954 3.0699999332428 117608500
"2023-07-26" 3.0699999332428 3.13000011444092 3.02999997138977 3.08999991416931 78128400
"2023-07-27" 3.10999989509583 3.21000003814697 3.08999991416931 3.17000007629395 122566000
"2023-07-28" 3.20000004768372 3.23000001907349 3.10999989509583 3.17000007629395 89386700
"2023-07-31" 3.20000004768372 3.36999988555908 3.20000004768372 3.34999990463257 109526700
"2023-08-01" 3.35999989509583 3.46000003814697 3.30999994277954 3.4300000667572 84698800
"2023-08-02" 3.4300000667572 3.44000005722046 3.25999999046326 3.32999992370605 105793800
"2023-08-03" 3.45000004768372 3.48000001907349 3.15000009536743 3.16000008583069 127516800
"2023-08-04" 3.16000008583069 3.21000003814697 3.04999995231628 3.05999994277954 107804000
"2023-08-07" 3.08999991416931 3.08999991416931 2.99000000953674 3.00999999046326 82566000
"2023-08-08" 2.97000002861023 3.02999997138977 2.91000008583069 2.99000000953674 86979400
"2023-08-09" 3 3.01999998092651 2.9300000667572 2.97000002861023 84687600
"2023-08-10" 2.99000000953674 3.00999999046326 2.83999991416931 2.84999990463257 98625900
"2023-08-11" 2.85999989509583 2.95000004768372 2.83999991416931 2.88000011444092 81824200
"2023-08-14" 2.88000011444092 2.92000007629395 2.80999994277954 2.83999991416931 84848500
"2023-08-15" 2.79999995231628 2.79999995231628 2.52999997138977 2.76999998092651 207236600
"2023-08-16" 2.80999994277954 3.02999997138977 2.74000000953674 2.97000002861023 234618100
"2023-08-17" 3 3.01999998092651 2.8199999332428 2.8199999332428 114781700
"2023-08-18" 2.79999995231628 3.03999996185303 2.75999999046326 3 132051900
"2023-08-21" 3.01999998092651 3.0699999332428 2.96000003814697 3.04999995231628 113692400
"2023-08-22" 3.07999992370605 3.13000011444092 3.03999996185303 3.03999996185303 96263900
"2023-08-23" 3.04999995231628 3.0699999332428 2.98000001907349 3.05999994277954 76814100
"2023-08-24" 3.05999994277954 3.05999994277954 2.94000005722046 3.01999998092651 85188900
"2023-08-25" 3 3.01999998092651 2.92000007629395 2.92000007629395 86494900
"2023-08-28" 2.9300000667572 2.99000000953674 2.85999989509583 2.9300000667572 78970600
"2023-08-29" 2.94000005722046 2.99000000953674 2.90000009536743 2.9300000667572 42370200
"2023-08-30" 2.95000004768372 2.95000004768372 2.88000011444092 2.92000007629395 50488000
"2023-08-31" 2.89000010490417 2.91000008583069 2.75999999046326 2.75999999046326 97371400
"2023-09-01" 2.78999996185303 2.85999989509583 2.75 2.85999989509583 73189800
"2023-09-04" 2.82999992370605 2.85999989509583 2.77999997138977 2.77999997138977 38410300
"2023-09-05" 2.75999999046326 2.76999998092651 2.61999988555908 2.69000005722046 107084800
"2023-09-06" 2.69000005722046 2.75999999046326 2.58999991416931 2.58999991416931 87048400
"2023-09-08" 2.54999995231628 2.55999994277954 2.5 2.50999999046326 68237200
"2023-09-11" 2.52999997138977 2.57999992370605 2.47000002861023 2.54999995231628 66435500
"2023-09-12" 2.54999995231628 2.65000009536743 2.51999998092651 2.61999988555908 96591600
"2023-09-13" 2.59999990463257 2.72000002861023 2.58999991416931 2.61999988555908 70254600
"2023-09-14" 2.61999988555908 2.64000010490417 2.46000003814697 2.57999992370605 120928100
"2023-09-15" 2.59999990463257 2.64000010490417 2.48000001907349 2.48000001907349 118954300
"2023-09-18" 2.48000001907349 2.61999988555908 2.45000004768372 2.57999992370605 109649300
"2023-09-19" 2.57999992370605 2.60999989509583 2.5 2.51999998092651 64918600
"2023-09-20" 2.51999998092651 2.5699999332428 2.50999999046326 2.51999998092651 57258300
"2023-09-21" 2.47000002861023 2.48000001907349 2.34999990463257 2.34999990463257 135662700
"2023-09-22" 2.39000010490417 2.41000008583069 2.17000007629395 2.24000000953674 133978200
"2023-09-25" 2.20000004768372 2.20000004768372 2.07999992370605 2.15000009536743 92630000
"2023-09-26" 2.11999988555908 2.1800000667572 2.0699999332428 2.09999990463257 63508200
"2023-09-27" 2.13000011444092 2.15000009536743 2 2.03999996185303 178706800
"2023-09-28" 2.01999998092651 2.08999991416931 2.00999999046326 2.04999995231628 83842300
"2023-09-29" 2.10999989509583 2.17000007629395 2.08999991416931 2.11999988555908 107488900
"2023-10-02" 2.11999988555908 2.13000011444092 1.99000000953674 2.00999999046326 91688200
"2023-10-03" 1.98000001907349 2 1.83000004291534 1.8400000333786 135436800
"2023-10-04" 1.88999998569489 1.95000004768372 1.87000000476837 1.88999998569489 131191000
"2023-10-05" 1.87999999523163 1.89999997615814 1.79999995231628 1.80999994277954 81112600
"2023-10-06" 1.72000002861023 1.79999995231628 1.67999994754791 1.77999997138977 123425800
"2023-10-09" 1.73000001907349 1.87000000476837 1.71000003814697 1.86000001430511 80789000
"2023-10-10" 1.87000000476837 2.01999998092651 1.87000000476837 1.99000000953674 126888600
"2023-10-11" 2.01999998092651 2.07999992370605 1.88999998569489 1.9099999666214 126686500
"2023-10-13" 1.87000000476837 1.88999998569489 1.79999995231628 1.82000005245209 67624500
"2023-10-16" 1.85000002384186 1.86000001430511 1.77999997138977 1.78999996185303 69482900
"2023-10-17" 1.75 1.76999998092651 1.67999994754791 1.69000005722046 83406800
"2023-10-18" 1.70000004768372 1.82000005245209 1.6599999666214 1.73000001907349 152304100
"2023-10-19" 1.72000002861023 1.73000001907349 1.61000001430511 1.61000001430511 134165100
"2023-10-20" 1.58000004291534 1.62000000476837 1.52999997138977 1.53999996185303 158390600
"2023-10-23" 1.52999997138977 1.55999994277954 1.5 1.50999999046326 159551900
"2023-10-24" 1.52999997138977 1.54999995231628 1.4099999666214 1.4099999666214 167993400
"2023-10-25" 1.39999997615814 1.46000003814697 1.29999995231628 1.44000005722046 251461900
"2023-10-26" 1.45000004768372 1.52999997138977 1.42999994754791 1.47000002861023 204077400
"2023-10-27" 1.46000003814697 1.49000000953674 1.38999998569489 1.46000003814697 157559900
"2023-10-30" 1.46000003814697 1.47000002861023 1.35000002384186 1.37000000476837 79975400
"2023-10-31" 1.37000000476837 1.37999999523163 1.33000004291534 1.33000004291534 145094800
"2023-11-01" 1.33000004291534 1.36000001430511 1.30999994277954 1.33000004291534 138930300
"2023-11-03" 1.37000000476837 1.53999996185303 1.36000001430511 1.49000000953674 247857700
"2023-11-06" 1.50999999046326 1.57000005245209 1.39999997615814 1.42999994754791 160250000
"2023-11-07" 1.41999995708466 1.77999997138977 1.4099999666214 1.76999998092651 298872500
"2023-11-08" 1.75 2.01999998092651 1.72000002861023 1.77999997138977 355756000
"2023-11-09" 1.83000004291534 1.83000004291534 1.67999994754791 1.71000003814697 175753500
"2023-11-10" 1.73000001907349 1.80999994277954 1.73000001907349 1.79999995231628 105866900
"2023-11-13" 1.77999997138977 1.87999999523163 1.62000000476837 1.73000001907349 221015200
"2023-11-14" 1.58000004291534 1.78999996185303 1.54999995231628 1.75 520723700
"2023-11-16" 1.75999999046326 2.25 1.75999999046326 2.19000005722046 384746900
"2023-11-17" 2.22000002861023 2.32999992370605 2.11999988555908 2.22000002861023 298356100
"2023-11-20" 2.29999995231628 2.34999990463257 2.23000001907349 2.27999997138977 140684200
"2023-11-21" 2.27999997138977 2.29999995231628 2.08999991416931 2.13000011444092 186927000
"2023-11-22" 2.16000008583069 2.22000002861023 2.0699999332428 2.07999992370605 157461900
"2023-11-23" 2.08999991416931 2.19000005722046 2.05999994277954 2.17000007629395 74322800
"2023-11-24" 2.16000008583069 2.17000007629395 1.98000001907349 1.99000000953674 179154600
"2023-11-27" 2.00999999046326 2.0699999332428 1.91999995708466 1.96000003814697 175562900
"2023-11-28" 1.95000004768372 1.96000003814697 1.86000001430511 1.9099999666214 207491400
"2023-11-29" 1.96000003814697 2.02999997138977 1.87999999523163 1.87999999523163 220051500
"2023-11-30" 1.92999994754791 2.02999997138977 1.9099999666214 2.01999998092651 282840100
"2023-12-01" 2.02999997138977 2.19000005722046 1.92999994754791 2.17000007629395 243562100
"2023-12-04" 2.14000010490417 2.17000007629395 2 2 199216900
"2023-12-05" 2.01999998092651 2.1800000667572 2 2.14000010490417 191393600
"2023-12-06" 2.1800000667572 2.21000003814697 2.14000010490417 2.17000007629395 132156800
"2023-12-07" 2.1800000667572 2.27999997138977 2.1800000667572 2.25999999046326 132959700
"2023-12-08" 2.27999997138977 2.29999995231628 2.10999989509583 2.13000011444092 191987000
"2023-12-11" 2.11999988555908 2.23000001907349 2.10999989509583 2.23000001907349 77168200
"2023-12-12" 2.23000001907349 2.30999994277954 2.20000004768372 2.27999997138977 118000900
"2023-12-13" 2.30999994277954 2.52999997138977 2.24000000953674 2.52999997138977 218602900
"2023-12-14" 2.53999996185303 2.65000009536743 2.39000010490417 2.4300000667572 215080300
"2023-12-15" 2.45000004768372 2.47000002861023 2.21000003814697 2.21000003814697 249384000
"2023-12-18" 2.24000000953674 2.25999999046326 2.17000007629395 2.1800000667572 124337700
"2023-12-19" 2.21000003814697 2.25 2.15000009536743 2.16000008583069 129606800
"2023-12-20" 2.16000008583069 2.21000003814697 2.08999991416931 2.09999990463257 170623100
"2023-12-21" 2.14000010490417 2.15000009536743 2.05999994277954 2.08999991416931 122592800
"2023-12-22" 2.09999990463257 2.13000011444092 2.05999994277954 2.11999988555908 80396300
"2023-12-26" 2.14000010490417 2.15000009536743 2.08999991416931 2.10999989509583 66413300
"2023-12-27" 2.11999988555908 2.26999998092651 2.08999991416931 2.25 129704100
"2023-12-28" 2.21000003814697 2.23000001907349 2.15000009536743 2.16000008583069 120276700
"2024-01-02" 2.14000010490417 2.15000009536743 2.02999997138977 2.04999995231628 115658000
"2024-01-03" 2.03999996185303 2.0699999332428 2 2 86494900
